           1
          20           1
  -2.8320227000000000E-002
  -3.7918417000000000E-003
   1.4357558500000001E-002
   4.3705717000000000E-003
  -4.1562610000000003E-004
  -1.4359422000000000E-003
  -8.8646730000000004E-004
  -2.4859780000000003E-004
  -3.0443100000000000E-005
  -8.6373000000000008E-005
  -1.0677730000000001E-004
   3.8089000000000001E-006
   5.1469800000000000E-005
  -1.5930200000000002E-005
   4.6065600000000002E-005
   1.7125350000000002E-004
   4.1445200000000001E-005
  -9.5825199999999999E-005
   7.8168200000000001E-005
   1.1884060000000001E-004
-3.1211721500000001E-002 3.1053215199572839E-002
