           1
          20           1
   1.4095030800000000E-002
   6.6570009000000005E-003
  -5.7501807000000004E-003
  -5.5068194000000006E-003
  -1.2639738000000001E-003
   7.7041030000000001E-004
   8.5709630000000000E-004
   2.7902999999999999E-004
  -5.8671500000000002E-005
  -1.0581050000000000E-004
  -4.0652100000000003E-005
  -7.5434000000000005E-006
   3.6458000000000003E-006
   1.0541100000000000E-005
  -6.1130000000000006E-006
  -2.9400800000000001E-005
  -6.3764999999999999E-006
   1.9332400000000001E-005
  -7.4428000000000001E-006
  -1.5482800000000000E-005
1.4004750000000000E-005 1.4212740456250268E-005
