           1
          20           1
   1.4095030600000001E-002
   6.6570009000000005E-003
  -5.7501805999999999E-003
  -5.5068193000000001E-003
  -1.2639737000000001E-003
   7.7041019999999998E-004
   8.5709620000000008E-004
   2.7902999999999999E-004
  -5.8671500000000002E-005
  -1.0581040000000001E-004
  -4.0652100000000003E-005
  -7.5434000000000005E-006
   3.6458000000000003E-006
   1.0541000000000001E-005
  -6.1130000000000006E-006
  -2.9400600000000001E-005
  -6.3766000000000001E-006
   1.9332200000000001E-005
  -7.4428000000000001E-006
  -1.5482800000000000E-005
1.4004750000000000E-005 1.4212740456250268E-005
