           1
          20           1
   2.4764665000000003E-003
   1.4862860000000000E-004
  -1.5565188000000001E-003
  -1.4311630000000001E-004
   5.0392649999999998E-004
   2.3370200000000002E-004
  -6.8733700000000002E-005
  -1.7523560000000000E-004
  -8.4753000000000007E-005
   1.3879300000000001E-005
   3.9484100000000004E-005
   6.8616000000000005E-006
  -1.4357800000000000E-005
  -9.1862000000000002E-006
   2.6930000000000001E-007
  -2.5220000000000000E-007
   2.0890000000000002E-006
   3.3054000000000002E-006
  -4.6412000000000006E-006
  -5.5863000000000002E-006
7.1025500000000003E-006 7.0296882657298136E-006
