           1
          20           1
   1.5945240000000000E-004
   1.1299210000000000E-004
  -6.9721600000000007E-005
  -1.0664370000000001E-004
  -6.8808000000000003E-006
   3.4283699999999998E-005
   1.2426400000000000E-005
  -5.1982999999999998E-006
  -7.0029000000000003E-006
  -1.8600000000000000E-006
   9.8200000000000008E-007
   1.0949000000000001E-006
   2.2380000000000001E-007
   2.6850000000000000E-007
  -2.3210000000000002E-007
  -9.0500000000000002E-007
  -5.7900000000000002E-008
   7.3660000000000007E-007
  -3.4250000000000000E-007
  -6.7940000000000001E-007
1.0431499999999999E-006 1.0541457119372476E-006
