1
          20           1
  0.12174874290000000     
   6.7540051000000000E-003
  -6.8567684599999998E-002
  -1.6801466600000002E-002
   3.8605470000000002E-003
   7.6383956999999999E-003
   5.5792831000000005E-003
   2.8465926000000000E-003
   1.0610028000000000E-003
   1.5839949999999999E-004
  -3.2088650000000000E-004
  -5.9429969999999998E-004
  -4.0618530000000004E-004
   1.7970199999999999E-005
  -9.7048599999999998E-005
  -4.1836950000000004E-004
  -3.4106000000000000E-006
   4.2266000000000000E-004
  -2.8462400000000000E-005
  -2.3125220000000000E-004
           1.7409408287170738d0 -0.16969280695346589d0
