           1
          20           1
  -5.9031019999999999E-004
  -4.4555700000000004E-005
   3.6271000000000003E-004
   1.0140510000000000E-004
  -6.3555599999999998E-005
  -7.9493000000000006E-005
  -3.2683800000000000E-005
   2.8857000000000002E-006
   1.2095000000000000E-005
   7.3056000000000000E-006
   2.5459000000000001E-006
   1.9650000000000002E-006
   1.4344000000000000E-006
  -6.9370000000000002E-007
   8.4810000000000008E-007
   3.8708000000000003E-006
   6.8390000000000003E-007
  -2.6406000000000002E-006
   1.5627000000000001E-006
   2.7235000000000003E-006
1.0510505400000000E-002 6.6976181151756230E-004
