           1
          20           1
  0.21820005540000001     
  -7.9597555000000004E-003
 -0.13727119550000000     
  -1.9571262900000001E-002
   2.3727940200000002E-002
   2.3378291700000001E-002
   9.4413679000000007E-003
  -6.2359930000000007E-004
  -3.0998192000000003E-003
  -1.6511594000000001E-003
  -2.8034370000000003E-004
  -1.2080660000000001E-004
  -2.0838110000000000E-004
   3.1377000000000001E-005
  -5.7962000000000005E-005
  -3.6731630000000001E-004
   9.8855000000000005E-006
   3.7648919999999999E-004
  -1.6658960000000002E-004
  -3.2474610000000003E-004
0.32056684949999997 -0.26364253891873241
