           1
          20           1
   1.0224454000000000E-003
   7.7172700000000007E-005
  -6.2823179999999998E-004
  -1.7563890000000000E-004
   1.1008140000000001E-004
   1.3768640000000001E-004
   5.6610500000000003E-005
  -4.9983000000000001E-006
  -2.0949100000000002E-005
  -1.2653400000000000E-005
  -4.4097000000000003E-006
  -3.4037000000000001E-006
  -2.4847000000000001E-006
   1.2018000000000001E-006
  -1.4690000000000000E-006
  -6.7049000000000000E-006
  -1.1843000000000000E-006
   4.5739000000000004E-006
  -2.7071000000000003E-006
  -4.7176000000000004E-006
-1.8204727599999998E-002 -1.1600609285874457E-003
