           1
          20           1
  -1.0224454000000000E-003
  -7.7172500000000007E-005
   6.2823170000000006E-004
   1.7563890000000000E-004
  -1.1008120000000001E-004
  -1.3768640000000001E-004
  -5.6610400000000003E-005
   4.9981999999999999E-006
   2.0948900000000002E-005
   1.2653500000000000E-005
   4.4096000000000001E-006
   3.4037000000000001E-006
   2.4847000000000001E-006
  -1.2020000000000001E-006
   1.4690000000000000E-006
   6.7049000000000000E-006
   1.1844000000000000E-006
  -4.5739000000000004E-006
   2.7070000000000001E-006
   4.7176000000000004E-006
1.8204727550000001E-002 1.1600608785829049E-003
