           1
          20           1
  -7.9942838999999995E-003
   9.2538060000000005E-004
   5.3344604000000002E-003
   1.9921310000000001E-004
  -1.2760963000000001E-003
  -8.4425300000000000E-004
  -1.5193730000000001E-004
   1.6343300000000002E-004
   1.3455360000000000E-004
   1.4706400000000000E-005
  -3.9102500000000000E-005
  -2.0559100000000001E-005
   1.2396800000000000E-005
   2.2056000000000000E-005
   8.7582000000000003E-006
  -5.5053000000000005E-006
  -6.6209000000000004E-006
  -1.2288000000000000E-006
  -4.4610000000000000E-007
  -8.0050000000000000E-007
0.18483407815000000 1.3038325874412298E-002
