           1
          20           1
   4.6716348800000002E-002
  -6.5620862000000000E-003
  -3.1398858400000000E-002
   6.2106000000000003E-006
   8.3460415000000000E-003
   5.0318052000000004E-003
   2.8208509999999999E-004
  -1.5867952000000001E-003
  -1.0300687000000001E-003
   3.5731200000000001E-005
   4.5350270000000002E-004
   2.4955040000000000E-004
  -3.5332300000000001E-005
  -8.9006999999999997E-005
  -3.9700500000000004E-005
  -1.3783200000000000E-005
   4.4683900000000001E-005
   6.2465800000000008E-005
  -3.8672499999999999E-005
  -5.6009800000000000E-005
6.5860420800000000E-002 -6.5843899145376514E-002
