           1
          20           1
  -4.2189096600000003E-002
  -1.9457435700000001E-002
   1.2765686300000001E-002
   1.4209149400000001E-002
   8.0111333000000007E-003
   1.1138591000000001E-003
  -2.2763117000000003E-003
  -2.2915919000000002E-003
  -1.1143597999999999E-003
  -3.2741110000000003E-004
  -5.0780700000000000E-005
   9.4728600000000006E-005
   9.1561500000000008E-005
  -3.3285999999999999E-005
   1.1204540000000000E-004
   3.5193210000000004E-004
   1.0679880000000000E-004
  -1.5866940000000001E-004
   1.4099940000000000E-004
   2.1249570000000001E-004
-2.2915067099999999E-002 2.2539839121314010E-002
