 210   4   4   4   4   4   4   0   0   0   0   0   0   3   3   3   3   3   3   0   0   0   0   0   5   0
000000  -110.14344691  100000     0.01246066  010000     0.00244351  001000     0.01246066  000100    -0.01892290  000010    -0.01892299
000001    -0.00542479  200000     0.18064478  110000    -0.06316232  020000     0.54082285  101000     0.09548592  011000    -0.06316232
002000     0.18064478  100100     0.03105104  010100     0.04211351  001100     0.00133340  000200     0.05577788  100010     0.00133445
010010     0.04211455  001010     0.03105208  000110     0.04713935  000020     0.05577801  100001     0.00111092  010001    -0.01077542
001001     0.00111092  000101     0.01764118  000011     0.01764111  000002    -0.02096708  300000    -0.20872681  210000    -0.05516162
120000    -0.32669543  030000    -0.82266452  201000     0.29582254  111000    -0.13676662  021000    -0.32669543  102000     0.29582254
012000    -0.05516162  003000    -0.20872681  200100     0.02291484  110100     0.02728563  020100    -0.07985782  101100    -0.15184642
011100     0.07962360  002100     0.01498528  100200     0.01259505  010200    -0.07920622  001200     0.00608249  000300    -0.04882154
200010     0.01498871  110010     0.07960799  020010    -0.07985439  101010    -0.15186203  011010     0.02727002  002010     0.02291827
100110    -0.00414600  010110     0.05640936  001110    -0.00414600  000210     0.03215599  100020     0.00608481  010020    -0.07920390
001020     0.01259737  000120     0.03266420  000030    -0.04882087  200001     0.00185774  110001     0.07713100  020001     0.00089280
101001    -0.11265102  011001     0.07713100  002001     0.00185774  100101    -0.00877547  010101     0.02549447  001101    -0.00412829
000201     0.00387001  100011    -0.00412983  010011     0.02549293  001011    -0.00877701  000111    -0.03452331  000021     0.00386983
100002    -0.00095893  010002     0.00866327  001002    -0.00095893  000102     0.01391988  000012     0.01391996  000003    -0.00096056
400000     0.07786600  310000     0.19269035  220000    -0.37555543  130000    -0.00252649  040000     0.39585139  301000     0.02133002
211000    -0.10625773  121000     0.11607289  031000    -0.00252649  202000    -0.01721920  112000    -0.10625773  022000    -0.37555543
103000     0.02133002  013000     0.19269035  004000     0.07786600  300100     0.09234279  210100     0.12774036  120100     0.16674834
030100     0.10674527  201100    -0.05744985  111100     0.04271804  021100     0.15957782  102100    -0.05459920  012100     0.13175344
003100     0.09475236  200200    -0.09250412  110200     0.08812399  020200    -0.06273496  101200     0.03904537  011200     0.11283191
002200    -0.10567901  100300     0.00378347  010300     0.00513140  001300     0.00016247  000400     0.00304680  300010     0.09474836
210010     0.13173966  120010     0.15956405  030010     0.10674127  201010    -0.05461298  111010     0.04274227  021010     0.16673457
102010    -0.05746362  012010     0.12772659  003010     0.09233880  200110     0.06458483  110110    -0.00377699  020110    -0.00706802
101110    -0.00821446  011110    -0.00377699  002110     0.06458483  100210     0.06110814  010210     0.07644793  001210     0.04405686
000310     0.00574379  200020    -0.10567508  110020     0.11282615  020020    -0.06273103  101020     0.03903960  011020     0.08811823
002020    -0.09250019  100120     0.04296678  010120     0.07535785  001120     0.06001806  000220    -0.03741252  100030     0.00016260
010030     0.00513153  001030     0.00378360  000130     0.00574379  000040     0.00304600  300001     0.00092810  210001     0.07323176
120001     0.30295708  030001     0.10364514  201001    -0.29881287  111001     0.09301966  021001     0.30295708  102001    -0.29881287
012001     0.07323176  003001     0.00092810  200101    -0.02276962  110101    -0.00808932  020101     0.06515042  101101     0.13012124
011101    -0.01533416  002101    -0.01846335  100201    -0.02583105  010201     0.04999282  001201    -0.01254310  000301    -0.00874550
200011    -0.01846750  110011    -0.01532331  020011     0.06514626  101011     0.13013210  011011    -0.00807846  002011    -0.02277377
100111     0.02782003  010111     0.01087761  001111     0.02782003  000211    -0.03999744  100021    -0.01254595  010021     0.04998997
001021    -0.02583390  000121    -0.04072135  000031    -0.00874519  200002     0.00241421  110002    -0.00809749  020002     0.01108774
101002     0.00684703  011002    -0.00809749  002002     0.00241421  100102    -0.00160048  010102    -0.01129475  001102     0.00040508
000202     0.01434399  100012     0.00040558  010012    -0.01129425  001012    -0.00159999  000112     0.00599290  000022     0.01434392
100003     0.00076540  010003    -0.00054114  001003     0.00076540  000103    -0.00722026  000013    -0.00722019  000004     0.00466403
   2.0000000000   2.2000000000   2.0000000000   2.1816615395   2.1816615395   3.1415926169
   1.0000000000   1.0000000000   1.0000000000   1.0000000000   1.0000000000   1.0000000000
   0.1000000000   0.1000000000   0.1000000000   0.1000000000   0.1000000000   0.0000000000
   0.0000000000   0.0000000000   0.0000000000   0.0000000000   0.0000000000   0.0000000000
   1.0000000000   0.0000000000   0.0000000000   0.0000000000   0.0000000000   0.0000000000
   0.0000000000   1.0000000000   0.0000000000   0.0000000000   0.0000000000   0.0000000000
   0.0000000000   0.0000000000   1.0000000000   0.0000000000   0.0000000000   0.0000000000
   0.0000000000   0.0000000000   0.0000000000   1.0000000000   0.0000000000   0.0000000000
   0.0000000000   0.0000000000   0.0000000000   0.0000000000   1.0000000000   0.0000000000
   0.0000000000   0.0000000000   0.0000000000   0.0000000000   0.0000000000   1.0000000000
   0.0000000313   0.0008796868   0.0001399824
