epsilon
4 
0 9.42350
1 10.11440
2 10.47730
3 11.07820
kappa_LVC
12
0 31 -0.02203
1 31 0.09074
2 31 0.02748
3 31 -0.04054
0 32 -0.12147
1 32 0.05316
2 32 0.11233
3 32 0.00747
0 33 -0.09468
1 33 0.04454
2 33 0.14539
3 33 0.00050
k_quartic
6
0 29 0.03317
1 29 0.01157
2 29 0.01534
0 30 0.02979
1 30 0.01488
2 30 0.01671
lambda
13
0 1 29 0.04633
0 1 30 0.03540
0 2 31 -0.03538
0 2 32 -0.02049
1 2 29 0.03148
1 2 30 0.03607
1 3 31 0.08077
1 3 33 0.07284
1 3 34 -0.01832
0 2 35 0.00114
1 3 35 0.12606
0 2 36 0.13035
1 3 36 0.14272
gamma
12
0 31 0.019388
1 31 0.00694
2 31 -0.00294
3 31 0.00752
0 32 0.01489
1 32 0.00828
2 32 0.00183
3 32 0.00546
0 33 0.00970
1 33 0.00096
2 33 -0.00114
3 33 0.01108
morse_param
12
0 34 41.897035283 -0.047189863 0.814403626 -0.064313807
1 34 38.371217036 -0.052314514 0.374883787 -0.015051318
2 34 39.256908734 -0.052860013 0.148594236 -0.002441114
3 34 37.978473299 -0.054310591 -0.181524509 -0.003655098
0 35 4.80270  0.13675 0.02883 -0.00007
1 35 74.15995 0.03064 -1.34468 -0.12082
2 35 90.76928 0.03374 -0.29923 -0.00916
3 35 20.56079  0.08044 0.38841 -0.02071
0 36 22.928019957 -0.074375821 -0.320687399  -0.012736671
1 36 18.274396798 -0.079108178 -0.017108930 -0.000033431
2 36 9.468936149 -0.086525028 0.376348704 -0.010373996
3 36 65.096781141 -0.036598291 1.663124937 -0.256388996
Freq
8
29 0.0033451889  
30 0.0035159695  
31 0.0054331754  
32 0.0062992802  
33 0.0064039210  
34 0.0076221576  
35 0.0080229512  
36 0.0081725083
