-2.26831500 21894.16674
-2.08833700 21894.16674
-0.00007600 21894.16674
0.00548000  21894.16674
-3.21812900 21894.16674 
-0.00011300 21894.16674
2.21254900  25532.72508
-1.86119200 25532.72508  
0.00034000 25532.72508
2.30170600 21894.16674   
0.76292000 21894.16674   
0.00062400 21894.16674
-0.06137800 25532.72508   
1.86466900 25532.72508   
0.00069900 25532.72508
-2.43175700 21894.16674   
0.65611300 21894.16674  
-0.00001900 21894.16674
-4.36164000 29165.12205   
1.89734200 29165.12205  
-0.00030200 29165.12205
4.26832600 29165.12205   
1.93543900 29165.12205  
-0.00073700 29165.12205
3.90383500 1837.36222  
-2.73023900 1837.36222  
-0.00052900 1837.36222
-3.99981400 1837.36222  
-3.15741200 1837.36222  
-0.00043500 1837.36222
0.22648400 1837.36222  
-5.24786500 1837.36222  
-0.00049100 1837.36222
-0.08477300 1837.36222   
3.77331200 1837.36222   
0.00007600 1837.36222
