           1
          20           1
  0.64316800699999999     
  -2.6460897000000001E-003
  -7.8154240000000001E-004
  -6.9039700000000009E-005
   7.0216000000000007E-006
  -9.1226999999999999E-006
  -2.3193800000000001E-005
  -4.5253000000000005E-006
   1.6268500000000002E-005
   2.0645600000000001E-005
   1.0116200000000000E-005
  -3.1781999999999999E-006
  -7.6044000000000004E-006
  -3.7705999999999999E-006
  -6.9690000000000005E-007
  -1.0086000000000000E-006
   7.2630000000000004E-007
   1.5738000000000001E-006
  -1.5693000000000002E-006
  -2.4898000000000003E-006
