           1
          20           1
   4.7397966000000003E-003
  -5.8641690000000007E-004
  -8.3846250000000006E-004
  -6.6556169999999997E-004
  -3.6703180000000003E-004
  -9.9293100000000007E-005
   9.1588900000000000E-005
   1.5410230000000000E-004
   1.0423650000000000E-004
   2.4397600000000002E-005
  -2.0841300000000000E-005
  -2.0844300000000000E-005
  -2.4395999999999999E-006
   8.3179000000000004E-006
   8.7763999999999995E-006
   4.0870000000000000E-006
  -2.4577000000000002E-006
  -4.9906000000000001E-006
  -8.0000000000000007E-007
   1.1535000000000001E-006
