           1
          20           1
  -2.3036800000000000E-004
   1.3785018000000001E-003
   1.7378634000000000E-003
  -4.3407800000000001E-005
  -1.1503563000000001E-003
  -1.0732385000000000E-003
  -4.6853110000000004E-004
   1.1936840000000000E-004
   3.6012990000000003E-004
   2.8583130000000000E-004
   8.3997800000000004E-005
  -6.6719500000000004E-005
  -1.0070950000000001E-004
  -4.8913200000000005E-005
   6.4498000000000005E-006
   2.3974000000000001E-005
   1.9187500000000002E-005
   4.9089000000000006E-006
  -1.5520000000000000E-005
  -1.2692800000000000E-005
