           1
          20           1
   6.4328430000000004E-004
   5.0451510000000001E-004
   2.1285100000000001E-005
  -2.7155510000000002E-004
  -3.1713780000000000E-004
  -1.5925390000000000E-004
   1.1615200000000000E-005
   8.9474499999999999E-005
   6.8400500000000004E-005
   1.5353300000000001E-005
  -1.8248299999999999E-005
  -1.8939700000000001E-005
  -5.3465000000000004E-006
   4.7571000000000006E-006
   6.5540000000000003E-006
   3.2980000000000000E-006
  -1.4004000000000000E-006
  -3.3802000000000003E-006
  -9.3210000000000004E-007
   3.5560000000000003E-007
