           1
          20           1
   8.4045057999999999E-003
  -5.6361925000000005E-003
  -2.2146585000000002E-003
   5.4245029999999998E-004
   1.2120436000000001E-003
   7.3470930000000005E-004
   1.4035419999999999E-004
  -1.2869030000000001E-004
  -1.1468480000000000E-004
  -2.6527500000000000E-005
   1.1423400000000000E-005
  -3.5971000000000003E-006
  -2.4306200000000001E-005
  -2.2428900000000001E-005
  -8.3792999999999995E-006
   2.2206000000000000E-006
   7.3605000000000001E-006
   5.6257000000000002E-006
  -2.2838000000000001E-006
  -3.4327000000000002E-006
