           1
          20           1
   2.2492773054000001     
 -0.12990464879999999     
  -8.8854259099999999E-002
  -4.0601442299999999E-002
  -1.0779105900000001E-002
  -2.9752880000000003E-004
  -1.5377416000000000E-003
  -5.7251104000000004E-003
  -7.6692696000000005E-003
  -6.6954103999999999E-003
  -4.5637347000000005E-003
  -2.9131015000000001E-003
  -1.9983710000000001E-003
  -1.5156744000000000E-003
  -1.5359706000000000E-003
  -1.6308298000000001E-003
  -1.0483297000000000E-003
  -4.0656170000000002E-004
  -4.9409990000000000E-004
  -3.6112470000000002E-004
