           1
          20           1
  0.15681516360000000     
  -5.2322568200000003E-002
  -2.9185140500000002E-002
  -8.0527604000000010E-003
   1.7649903000000000E-003
   2.9779926000000003E-003
   9.7685679999999996E-004
  -3.9495490000000002E-004
  -3.4441990000000003E-004
   2.6603010000000003E-004
   5.5609959999999999E-004
   3.6572180000000001E-004
   4.1462300000000005E-005
  -1.1960660000000001E-004
  -1.2553390000000000E-004
  -6.3078799999999997E-005
   3.9241500000000000E-005
   8.0728800000000005E-005
   9.1626000000000010E-006
  -2.4010000000000002E-005
