           1
          20           1
   1.1498117918999999     
  -6.4642427000000001E-003
  -2.9904973000000000E-003
  -2.1398930000000001E-004
   6.8328630000000007E-004
   5.0139330000000004E-004
   8.6114599999999997E-005
  -1.1913460000000000E-004
  -8.8359500000000007E-005
   1.4411500000000001E-005
   6.5482400000000009E-005
   4.7992000000000004E-005
   7.8620000000000003E-006
  -1.5441600000000001E-005
  -1.4290100000000001E-005
  -2.3989000000000000E-006
   6.3567999999999999E-006
   7.2788000000000005E-006
   4.2686000000000001E-006
   1.1243000000000000E-006
