           1
          20           1
   6.7403517000000001E-003
  -9.8579159999999996E-003
  -1.6840119000000001E-003
   3.1637506000000001E-003
   2.9464266000000000E-003
   8.9653880000000006E-004
  -5.7678730000000004E-004
  -8.6854520000000004E-004
  -4.5336540000000004E-004
   1.1932200000000001E-005
   2.0279030000000000E-004
   1.3676620000000001E-004
   7.3526999999999999E-006
  -5.1798200000000002E-005
  -5.7575400000000004E-005
  -3.7915299999999999E-005
   1.7496500000000001E-005
   4.4644600000000003E-005
  -1.3608000000000000E-006
  -1.9312200000000001E-005
