           1
          20           1
  0.64095988500000001     
  -3.6403147000000002E-003
  -1.0718130000000000E-003
   3.9690500000000002E-005
   1.4798440000000001E-004
   5.4879400000000002E-005
  -1.7142700000000001E-005
  -1.4468200000000000E-005
   1.0898400000000001E-005
   2.0432600000000002E-005
   1.0468700000000000E-005
  -3.6679000000000001E-006
  -8.2150000000000001E-006
  -3.8288999999999999E-006
  -1.0900000000000001E-007
  -3.3660000000000004E-007
   5.3939999999999997E-007
   7.6670000000000000E-007
  -1.7966000000000001E-006
  -2.3516000000000001E-006
