           1
          20           1
   1.0486002000000001E-002
   6.6689533000000006E-003
  -2.7091197000000001E-003
  -4.9189664000000004E-003
  -2.6494323000000003E-003
  -2.9471750000000001E-004
   8.0040830000000006E-004
   7.4290149999999998E-004
   2.6218889999999999E-004
  -9.4138400000000000E-005
  -1.6723310000000001E-004
  -7.7844399999999996E-005
   1.7218600000000001E-005
   4.2877600000000004E-005
   2.4948700000000001E-005
   1.3583000000000000E-006
  -1.4961100000000000E-005
  -1.6280200000000000E-005
  -3.8100000000000004E-007
   4.4791000000000000E-006
