           1
          20           1
   4.9963759699999999E-002
   1.5122492000000001E-003
   6.5241769999999999E-004
  -1.4512300000000001E-004
  -4.2311610000000000E-004
  -3.0078880000000002E-004
  -7.0055600000000007E-005
   6.8568199999999999E-005
   8.2245900000000005E-005
   3.4174100000000002E-005
  -8.4125999999999997E-006
  -2.0909200000000000E-005
  -1.2209500000000001E-005
  -2.4760000000000002E-007
   6.3598000000000005E-006
   5.9433000000000003E-006
   1.2159000000000001E-006
  -2.3221000000000002E-006
  -1.6978000000000001E-006
  -2.3830000000000001E-007
