           1
          20           1
  0.36315863960000000     
   5.4018431200000001E-002
   3.7344903100000000E-002
   1.2227784000000000E-002
  -1.3718152000000000E-003
  -2.5673100000000002E-003
  -3.7101570000000001E-004
   3.1818269999999999E-004
  -2.6155779999999999E-004
  -7.1387909999999998E-004
  -6.1903230000000004E-004
  -2.3544760000000000E-004
   3.5618000000000004E-005
   1.0996340000000000E-004
   7.7882799999999999E-005
   1.4683700000000000E-005
  -5.1661900000000001E-005
  -7.4799900000000009E-005
  -2.6833299999999999E-005
   5.2401000000000000E-006
