           1
          20           1
   9.9462453999999995E-003
   6.1567816000000003E-003
  -2.7249301000000000E-003
  -4.5329771999999997E-003
  -2.3271493000000002E-003
  -2.5448970000000002E-004
   6.8964250000000003E-004
   6.3809339999999998E-004
   2.3696610000000000E-004
  -6.7391600000000007E-005
  -1.3682220000000000E-004
  -6.8503499999999999E-005
   1.1254400000000000E-005
   3.5246300000000002E-005
   2.3649100000000000E-005
   4.4509000000000000E-006
  -1.2473200000000001E-005
  -1.6279599999999999E-005
  -1.4312000000000000E-006
   4.1274999999999999E-006
