           1
          20           1
  0.94513845050000000     
   1.0626585700000000E-002
   6.7851224000000003E-003
   2.1991214000000002E-003
  -1.5635679999999999E-004
  -5.7380780000000002E-004
  -2.6003199999999999E-004
  -1.2031500000000000E-005
  -1.0554400000000000E-005
  -9.5341100000000001E-005
  -1.1332120000000001E-004
  -5.0490300000000000E-005
   1.6016999999999999E-005
   3.4227300000000003E-005
   1.9395600000000001E-005
  -8.7040000000000006E-007
  -2.0373400000000000E-005
  -2.3095900000000000E-005
  -2.6481000000000001E-006
   5.3472000000000002E-006
