           1
          20           1
  -4.4095882900000001E-002
   1.7159013300000001E-002
   8.7670748000000000E-003
   1.2779765000000001E-003
  -1.7076047000000000E-003
  -1.5859492000000000E-003
  -4.5565340000000001E-004
   3.1916270000000003E-004
   4.3381940000000003E-004
   1.9672410000000002E-004
  -3.0020500000000002E-005
  -1.0332090000000000E-004
  -6.7607499999999999E-005
  -1.2325000000000000E-005
   1.8111200000000000E-005
   1.9116500000000002E-005
   2.8148999999999999E-006
  -8.7077999999999999E-006
  -5.4066000000000000E-006
  -4.5200000000000001E-008
