           1
          20           1
  0.19608477330000001     
  -7.2128926800000007E-002
  -3.7508498100000003E-002
  -7.5397682000000006E-003
   4.7045443000000003E-003
   4.8488632000000002E-003
   1.2475852999999999E-003
  -8.7362140000000002E-004
  -7.5953950000000000E-004
   1.6753840000000001E-004
   6.3980150000000002E-004
   4.4274550000000004E-004
   4.4788900000000001E-005
  -1.5639200000000002E-004
  -1.5762620000000000E-004
  -7.4468800000000008E-005
   4.6540099999999998E-005
   9.1944700000000008E-005
   9.7012999999999998E-006
  -2.7587300000000003E-005
