           1
          20           1
  0.67796640490000004     
  -7.8380842899999997E-002
 -0.28766807100000003     
   4.4532451500000000E-002
   6.9364166000000001E-003
   7.4235832000000002E-003
  -8.9737641000000000E-003
  -3.1851067000000003E-003
  -2.9891263000000000E-003
   7.2579399999999998E-004
  -2.7566020000000001E-004
   3.9127660000000001E-004
  -6.9960180000000005E-004
  -3.2117180000000003E-004
  -3.6550290000000001E-004
   2.2084540000000000E-004
  -2.5183930000000001E-004
  -1.7761520000000001E-004
  -3.5073930000000003E-004
   2.5879260000000003E-004
2.6676065324008249        1.3927556508212895
