           1
          20           1
  -2.7700456000000003E-003
  -1.6756010000000001E-003
   1.1182553000000000E-003
   1.6462446000000000E-003
   5.4310800000000005E-004
  -2.8781440000000003E-004
  -4.3272880000000001E-004
  -2.1009800000000001E-004
   1.2395200000000001E-005
   8.3296399999999998E-005
   5.2938600000000002E-005
   2.3798000000000001E-006
  -1.8218000000000001E-005
  -1.2400800000000000E-005
  -9.9169999999999997E-007
   2.0366999999999999E-006
   2.8272000000000002E-006
   6.4020000000000003E-007
  -4.7667000000000005E-006
  -4.2873000000000004E-006
