           1
          20           1
   1.8170593000000001E-003
   1.4344847000000000E-003
  -2.9134389999999999E-004
  -1.1244722000000001E-003
  -7.5326229999999998E-004
  -7.7227100000000005E-005
   2.8755220000000001E-004
   2.7888940000000002E-004
   9.3770499999999999E-005
  -5.1428700000000004E-005
  -8.4555100000000000E-005
  -4.1275100000000001E-005
   5.4032000000000002E-006
   2.1197800000000002E-005
   1.5222900000000001E-005
   5.1352999999999998E-006
  -5.6181999999999998E-006
  -8.4810000000000006E-006
   3.6000000000000000E-009
   3.0917000000000000E-006
