           1
          20           1
  -8.2990120000000004E-004
  -6.1461580000000005E-004
   9.7196900000000004E-005
   3.4468060000000003E-004
   2.0997460000000002E-004
   3.6534100000000000E-005
  -3.2820200000000001E-005
  -1.6980500000000001E-005
   1.2922600000000001E-005
   1.8779000000000001E-005
   5.2032999999999998E-006
  -8.1725000000000001E-006
  -1.0395200000000000E-005
  -4.1411000000000000E-006
   2.4833000000000000E-006
   4.2632000000000001E-006
   2.0937000000000000E-006
  -6.1080000000000004E-007
  -1.8893000000000001E-006
  -9.9330000000000009E-007
