           1
          20           1
   1.0136726000000000E-003
   8.8368440000000006E-004
  -3.3492000000000004E-005
  -5.0829100000000002E-004
  -3.5376500000000003E-004
  -7.4699399999999998E-005
   5.8997000000000005E-005
   5.2357100000000001E-005
   3.8261999999999999E-006
  -1.8808100000000000E-005
  -1.1409700000000000E-005
   3.6758000000000000E-006
   9.2694999999999999E-006
   5.4721999999999999E-006
  -5.3420000000000001E-007
  -2.8633000000000002E-006
  -1.6658000000000000E-006
   3.7370000000000002E-007
   1.2399000000000000E-006
   6.6079999999999999E-007
