           1
          20           1
  -485.38048780320003     
  -8.8196222999999997E-003
  -1.0426405400000000E-002
  -5.6168848000000002E-003
  -5.2512700000000002E-004
   1.1576908999999999E-003
   9.6534670000000009E-004
   3.6264620000000001E-004
   4.6605700000000000E-005
  -2.1729000000000000E-006
   3.7327400000000004E-005
   4.3845100000000005E-005
   2.7555300000000000E-005
   1.3760200000000001E-005
   2.2722000000000000E-006
  -3.3543000000000002E-006
   1.6128900000000001E-005
   2.4989899999999999E-005
   2.7098000000000003E-006
  -8.4719000000000010E-006
