           1
          20           1
  -1.0053708000000001E-003
  -6.0439659999999998E-004
  -1.2363869999999999E-004
   4.7696500000000004E-004
   4.9814119999999997E-004
   1.7958630000000002E-004
  -9.1778200000000002E-005
  -1.6851080000000000E-004
  -9.3773800000000000E-005
   4.4785000000000004E-006
   4.6068300000000001E-005
   2.9414700000000001E-005
  -1.6443000000000001E-006
  -1.4455600000000001E-005
  -1.1423700000000000E-005
  -3.4220000000000000E-006
   6.7959000000000004E-006
   9.6633000000000011E-006
   5.4089999999999998E-007
  -2.9636000000000003E-006
