           1
          20           1
   3.7754862144000003     
   2.5529082000000001E-003
   6.9406010000000007E-004
  -1.9910999999999999E-006
   2.1741200000000001E-005
   8.0677600000000002E-005
   5.7542700000000001E-005
  -8.0037999999999995E-006
  -4.9330200000000004E-005
  -4.6951499999999999E-005
  -2.2956000000000002E-005
  -2.5278000000000002E-006
   5.9943000000000004E-006
   6.0755000000000005E-006
  -8.7649999999999999E-007
  -7.0992000000000006E-006
  -3.8717000000000006E-006
   1.1994000000000001E-006
  -2.5145000000000002E-006
  -2.8513999999999999E-006
