           1
          20           1
   1.4361291400000000E-002
  -7.9621627000000007E-003
  -3.2305845000000001E-003
   4.2689320000000003E-004
   1.3631945000000000E-003
   8.3054430000000000E-004
   1.2825080000000000E-004
  -1.7465000000000002E-004
  -1.3224430000000000E-004
  -8.8259999999999999E-006
   3.8670100000000001E-005
   1.0389900000000000E-005
  -2.5602700000000001E-005
  -2.9001700000000001E-005
  -1.3522700000000000E-005
   9.7900000000000010E-008
   9.7915999999999996E-006
   9.6398000000000004E-006
  -2.3146000000000003E-006
  -4.9913000000000000E-006
