           1
          20           1
  -485.29767346380004     
  -6.1944019000000003E-003
  -1.0769563400000001E-002
  -6.7159055000000000E-003
  -1.1070546000000001E-003
   1.2433851000000001E-003
   1.2606560000000000E-003
   5.4674029999999998E-004
   5.0368800000000005E-005
  -9.4897900000000005E-005
  -4.0290900000000004E-005
   3.1089600000000001E-005
   5.1753300000000005E-005
   2.8075800000000000E-005
   1.0034300000000000E-005
   8.3274999999999995E-006
   1.2633000000000000E-006
  -4.1683000000000004E-006
   9.4571999999999998E-006
   9.3430000000000002E-006
