           1
          20           1
   2.8918363000000002E-003
   3.5506740000000001E-004
  -2.3316877000000001E-003
  -1.1174991999999999E-003
   5.3441440000000001E-004
   1.0064322000000001E-003
   6.1245199999999998E-004
  -1.6555500000000001E-005
  -3.4127900000000000E-004
  -2.9896730000000002E-004
  -9.0300500000000007E-005
   7.0226000000000002E-005
   1.0484700000000001E-004
   5.0527900000000001E-005
  -7.2185000000000004E-006
  -2.5517300000000000E-005
  -1.7741299999999999E-005
  -1.9534000000000002E-006
   1.4561600000000001E-005
   1.0704300000000000E-005
