1
          20           1
   6.2461841000000006E-003
  -8.6836980000000008E-004
  -4.2237015000000004E-003
  -2.7318600000000000E-005
   1.0853670000000001E-003
   7.1403370000000001E-004
   1.8343880000000002E-004
  -1.0724650000000000E-004
  -1.4210660000000001E-004
  -8.2529799999999997E-005
  -3.6151000000000000E-005
  -1.0923700000000000E-005
   3.8096000000000003E-006
   9.2619000000000002E-006
   5.9221999999999998E-006
  -4.7357000000000002E-006
   1.1293999999999999E-006
   1.4111300000000000E-005
  -3.2378999999999999E-006
  -1.0604600000000000E-005
           2.0459873579905437d0 -9.6843685178373776d-003
