NB_FIT 3

&NDFITW
 MINNORM=  0.0000000000000000     ,
 MAXNORM=  9.0000000000000000     ,
 MINCOUPLING=1          ,
 MAXCOUPLING=1          ,
 IND_VAL=1          ,
 NB_VAL=1          ,
 SVD=T,
 EPSI=  1.0000000000000006E-010,
 EPSI_INTER=  1.0000000000000003E-005,
 MAX_NB=10         ,
 NDIM=3          ,
 MR_ORDER=-1         ,
 COL_FOR_WEIGHTOFFIT=0          ,
 SCAL_FOR_WEIGHTOFFIT=  200.00000000000000     ,
 NB_B=22         ,
 NB_WB=22         ,
 NB_FIT=0          ,
 /
 Q0    1.6459159559216601        2.4673412574786124        0.0000000000000000     
 nDweight    1.0000000000000000        1.0000000000000000        2.0000000000000000     
 nDsize           11          11           6
 ntyp           15          15          16
           1           0           1           0   2.8367497759041187E-005
           2           1           0           0   6.0176972984675098E-006
           3           0           2           0  0.28365120303296165     
           4           0           0           1  0.28035409261950595     
           5           2           0           0   8.3854571559202326E-002
           6           0           3           0 -0.27841948015477108     
           7           3           0           0  -1.0056865165624051E-002
           8           0           4           0  0.17983180018241626     
           9           0           0           2  0.18096613130206318     
          10           4           0           0  -6.1656237616369422E-003
          11           0           5           0  -9.5180546513037839E-002
          12           5           0           0   2.1243816535040125E-003
          13           0           6           0   4.4652067648935506E-002
          14           0           0           3   4.4234367053673118E-002
          15           6           0           0  -8.6829390359447808E-003
          16           0           7           0  -1.9348848223610559E-002
          17           7           0           0   4.8031743074474680E-004
          18           0           8           0   8.8885289235987458E-003
          19           0           0           4   9.7949638611087610E-003
          20           8           0           0   8.1592825661224878E-003
          21           0           9           0  -3.7570777670436089E-003
          22           9           0           0  -4.9393257715852519E-003
&NDFITW
 MINNORM=  0.0000000000000000     ,
 MAXNORM=  8.0000000000000000     ,
 MINCOUPLING=2          ,
 MAXCOUPLING=2          ,
 IND_VAL=1          ,
 NB_VAL=1          ,
 SVD=T,
 EPSI=  1.0000000000000006E-010,
 EPSI_INTER=  1.0000000000000003E-005,
 MAX_NB=10         ,
 NDIM=3          ,
 MR_ORDER=-1         ,
 COL_FOR_WEIGHTOFFIT=0          ,
 SCAL_FOR_WEIGHTOFFIT=  200.00000000000000     ,
 NB_B=52         ,
 NB_WB=52         ,
 NB_FIT=0          ,
 /
 Q0    1.6459159559216601        2.4673412574786124        0.0000000000000000     
 nDweight    1.0000000000000000        1.0000000000000000        2.0000000000000000     
 nDsize           11          11           6
 ntyp           15          15          16
           1           1           1           0   1.0804766937148311E-002
           2           1           0           1   7.3203164207750653E-003
           3           0           1           1 -0.83498706938487566     
           4           1           2           0  -1.0920616366581173E-002
           5           2           1           0  -5.1503804094965404E-002
           6           1           3           0   2.6404913597974744E-003
           7           2           0           1  -2.8519141629125149E-002
           8           0           2           1   1.0775951257136278     
           9           2           2           0   9.2247277977610849E-003
          10           3           1           0   1.2636146891161401E-002
          11           0           3           1 -0.96075554344298708     
          12           0           1           2 -0.48342782102430981     
          13           1           0           2  -7.2796742459972164E-003
          14           2           3           0   4.5947019212529798E-003
          15           3           0           1  -5.1523267597268420E-004
          16           1           4           0   1.4154357719871602E-003
          17           3           2           0  -5.2588622165617022E-003
          18           4           1           0   1.0559706003973223E-002
          19           2           4           0  -2.9933865337583966E-003
          20           2           0           2   7.4320893409380905E-003
          21           0           4           1  0.71555227553533662     
          22           1           5           0  -2.0852229973068971E-003
          23           3           3           0  -2.0023290464512866E-003
          24           4           0           1   1.2154077019357550E-002
          25           0           2           2  0.73028053963925355     
          26           4           2           0  -4.2339575097439033E-003
          27           5           1           0   1.7350635931079811E-003
          28           1           0           3   9.5765267729195185E-003
          29           0           5           1 -0.36881747572940649     
          30           1           6           0   4.4057336952482542E-003
          31           3           4           0   5.4209837336978645E-003
          32           0           3           2 -0.60133810347500005     
          33           2           5           0   6.0900933952191001E-003
          34           0           1           3 -0.11902943953977349     
          35           4           3           0   4.0046406882027754E-005
          36           5           0           1   2.5955417672450663E-003
          37           3           0           2   2.4874659869247816E-002
          38           5           2           0   4.3860233465482150E-004
          39           6           1           0  -1.3160876734420545E-002
          40           4           0           2  -2.0628511197313425E-002
          41           1           7           0  -4.0064321891299798E-003
          42           0           4           2  -5.9991821921908543E-002
          43           0           2           3  -3.5624915901212029E-002
          44           4           4           0  -7.7492132483541146E-003
          45           2           0           3   2.4890681604352307E-003
          46           2           6           0  -6.5472280451834538E-003
          47           3           5           0  -4.7324278579810553E-004
          48           5           3           0  -5.1564894861429926E-004
          49           6           0           1  -4.4426839629724667E-003
          50           0           6           1   3.3233926954765514E-002
          51           6           2           0   1.8807571632944518E-003
          52           7           1           0   1.0667467015363960E-002
&NDFITW
 MINNORM=  0.0000000000000000     ,
 MAXNORM=  6.0000000000000000     ,
 MINCOUPLING=3          ,
 MAXCOUPLING=3          ,
 IND_VAL=1          ,
 NB_VAL=1          ,
 SVD=T,
 EPSI=  1.0000000000000006E-010,
 EPSI_INTER=  1.0000000000000003E-005,
 MAX_NB=10         ,
 NDIM=3          ,
 MR_ORDER=-1         ,
 COL_FOR_WEIGHTOFFIT=0          ,
 SCAL_FOR_WEIGHTOFFIT=  200.00000000000000     ,
 NB_B=7          ,
 NB_WB=7          ,
 NB_FIT=0          ,
 /
 Q0    1.6459159559216601        2.4673412574786124        0.0000000000000000     
 nDweight    1.0000000000000000        1.0000000000000000        2.0000000000000000     
 nDsize           11          11           6
 ntyp           15          15          16
           1           1           1           1  -1.3512518908906826E-002
           2           1           2           1   1.1540979493809583E-002
           3           2           1           1   2.4854218086488685E-002
           4           1           3           1  -5.1957704614613897E-003
           5           1           1           2   5.8964351164980380E-003
           6           2           2           1  -6.1758760082113694E-003
           7           3           1           1  -1.2272880132086163E-002
