NB_FIT 3

&NDFITW
 MINNORM=  0.0000000000000000     ,
 MAXNORM=  8.0000000000000000     ,
 MINCOUPLING=1          ,
 MAXCOUPLING=1          ,
 IND_VAL=1          ,
 NB_VAL=1          ,
 SVD=T,
 EPSI=  1.0000000000000006E-010,
 EPSI_INTER=  1.0000000000000003E-005,
 MAX_NB=10         ,
 NDIM=3          ,
 MR_ORDER=-1         ,
 COL_FOR_WEIGHTOFFIT=0          ,
 SCAL_FOR_WEIGHTOFFIT=  200.00000000000000     ,
 NB_B=22         ,
 NB_WB=22         ,
 NB_FIT=0          ,
 /
 Q0    1.7365537365153021        2.5859012413962050        0.0000000000000000     
 nDweight    1.0000000000000000        1.0000000000000000        1.0000000000000000     
 nDsize           10          10           5
 ntyp           15          15          16
           1           0           0           1  0.32021102493476244     
           2           0           1           0  -6.4571482881268177E-005
           3           1           0           0  -4.4504933920563191E-005
           4           0           2           0  0.33732263424781622     
           5           0           0           2  0.15962340160996460     
           6           2           0           0   9.5655888258506752E-002
           7           0           0           3   2.4826763814511696E-002
           8           0           3           0 -0.28839364971359727     
           9           3           0           0  -2.9082900855504627E-002
          10           0           4           0  0.16493238367923718     
          11           0           0           4   3.1293597659575114E-003
          12           4           0           0   2.4978396063453362E-004
          13           0           5           0  -7.5082336878450798E-002
          14           5           0           0   6.3752677567899426E-004
          15           0           6           0   2.7708359540027566E-002
          16           6           0           0  -9.2874520990395872E-003
          17           0           7           0  -1.1462854737819012E-002
          18           7           0           0   4.6122234771763231E-003
          19           0           8           0   5.9888954690794360E-003
          20           8           0           0  -3.4460139498239606E-004
          21           0           9           0  -4.2954924238685840E-004
          22           9           0           0  -4.3906033210664304E-004
&NDFITW
 MINNORM=  0.0000000000000000     ,
 MAXNORM=  6.0000000000000000     ,
 MINCOUPLING=2          ,
 MAXCOUPLING=2          ,
 IND_VAL=1          ,
 NB_VAL=1          ,
 SVD=T,
 EPSI=  1.0000000000000006E-010,
 EPSI_INTER=  1.0000000000000003E-005,
 MAX_NB=10         ,
 NDIM=3          ,
 MR_ORDER=-1         ,
 COL_FOR_WEIGHTOFFIT=0          ,
 SCAL_FOR_WEIGHTOFFIT=  200.00000000000000     ,
 NB_B=72         ,
 NB_WB=71         ,
 NB_FIT=0          ,
 /
 Q0    1.7365537365153021        2.5859012413962050        0.0000000000000000     
 nDweight    1.0000000000000000        1.0000000000000000        1.0000000000000000     
 nDsize           10          10           5
 ntyp           15          15          16
           1           0           1           1 -0.86884528137672934     
           2           1           0           1  -7.3720294056723616E-003
           3           1           1           0  -5.4370320083985133E-003
           4           0           1           2 -0.35487270397660842     
           5           1           0           2   1.4492075016846484E-003
           6           0           2           1  0.97997330308116071     
           7           1           2           0  -3.7251960892367348E-003
           8           2           0           1  -4.1041696928102438E-002
           9           2           1           0  -5.0553516507804215E-002
          10           0           3           1 -0.73101409606822809     
          11           0           1           3  -5.0295103862842604E-002
          12           1           3           0   4.0089122405669204E-003
          13           0           2           2  0.38230418625120755     
          14           2           0           2   9.4088022178312383E-003
          15           1           0           3   1.0815809275323501E-003
          16           2           2           0   1.1709136104857275E-003
          17           3           0           1   1.9376179391401106E-002
          18           3           1           0   4.0342351417579719E-002
          19           0           3           2 -0.25790153693123496     
          20           1           0           4   2.2395485866633772E-004
          21           2           0           3  -1.7979045784737200E-003
          22           0           4           1  0.39313740261476809     
          23           0           2           3   5.1443994287305415E-002
          24           2           3           0   7.0814209002732099E-003
          25           0           1           4  -6.4659816707100595E-003
          26           3           0           2  -5.5641301006506775E-003
          27           1           4           0  -3.3085563290336235E-003
          28           3           2           0  -2.9411028563343340E-002
          29           4           0           1  -1.1364094021630329E-002
          30           4           1           0  -1.0913560411691876E-002
          31           2           4           0  -5.4016904578873734E-004
          32           0           2           4   6.3496535011911340E-003
          33           0           4           2  0.11575218504703334     
          34           3           0           3   6.9774662961247572E-005
          35           2           0           4  -5.6259021464444866E-004
          36           0           5           1 -0.15891302823211303     
          37           3           3           0   1.3552046200104308E-002
          38           1           5           0   2.0528686683093196E-003
          39           4           0           2   3.8988703288946329E-003
          40           0           3           3  -4.3024098889616176E-002
          41           4           2           0   7.5299536808937735E-003
          42           5           0           1   3.2637295062653551E-003
          43           5           1           0   6.8738794906431210E-003
          44           2           5           0  -2.6173049524088462E-003
          45           3           4           0  -7.0076242718358436E-004
          46           0           4           3   1.6852343089713690E-002
          47           1           6           0  -7.1113107227093700E-004
          48           4           0           3   3.0771691720318014E-004
          49           0           3           4  -6.2073981246037512E-003
          50           3           0           4   1.0350066036667316E-004
          51           4           3           0  -3.5812656198337066E-003
          52           0           5           2  -3.1112817410011710E-002
          53           5           0           2   5.9148229664681220E-004
          54           0           6           1   5.3410928886733149E-002
          55           5           2           0   6.5856369975975729E-003
          56           6           0           1   9.4827271239658166E-003
          57           6           1           0  -7.1399993074345181E-003
          58           1           7           0   4.7612974049167595E-004
          59           0           6           2   1.9105428869420325E-002
          60           4           4           0   1.6184634953899991E-003
          61           3           5           0  -2.0256320824098136E-003
          62           0           7           1  -2.2823930322431480E-002
          63           5           0           3   1.1207300027075455E-003
          64           0           5           3  -4.9167967921008365E-003
          65           0           4           4   2.2396696875094119E-003
          66           5           3           0  -5.5916373524627777E-003
          68           6           0           2  -3.5763725568946198E-003
          69           2           6           0   1.6379194234861475E-003
          70           6           2           0  -1.9949964384218845E-003
          71           7           0           1  -4.8967045560637575E-003
          72           7           1           0   5.1088287303906760E-003
&NDFITW
 MINNORM=  0.0000000000000000     ,
 MAXNORM=  5.0000000000000000     ,
 MINCOUPLING=3          ,
 MAXCOUPLING=3          ,
 IND_VAL=1          ,
 NB_VAL=1          ,
 SVD=T,
 EPSI=  1.0000000000000006E-010,
 EPSI_INTER=  1.0000000000000003E-005,
 MAX_NB=10         ,
 NDIM=3          ,
 MR_ORDER=-1         ,
 COL_FOR_WEIGHTOFFIT=0          ,
 SCAL_FOR_WEIGHTOFFIT=  200.00000000000000     ,
 NB_B=52         ,
 NB_WB=52         ,
 NB_FIT=0          ,
 /
 Q0    1.7365537365153021        2.5859012413962050        0.0000000000000000     
 nDweight    1.0000000000000000        1.0000000000000000        1.0000000000000000     
 nDsize           10          10           5
 ntyp           15          15          16
           1           1           1           1   4.9340754633800258E-003
           2           1           1           2  -4.3945884066040374E-003
           3           1           2           1   7.2453036129366275E-003
           4           2           1           1   4.4790581072254136E-002
           5           1           2           2   3.7916377787952813E-003
           6           1           3           1  -1.2960205923129945E-002
           7           1           1           3  -3.6056513952854707E-003
           8           2           1           2  -2.1575209451823292E-002
           9           2           2           1  -3.3018494646814979E-002
          10           3           1           1  -4.3939737409130680E-002
          11           1           2           3   8.3111632647207383E-003
          12           1           1           4  -3.9465835177960158E-004
          13           2           1           3   1.3935004122148101E-002
          14           1           3           2   8.7556221280471382E-003
          15           2           2           2   3.6881065555736878E-002
          16           2           3           1   1.3371023680966550E-002
          17           1           4           1   1.0251643323697783E-002
          18           3           1           2   2.2486320629576197E-002
          19           3           2           1   6.1428613792589071E-002
          20           4           1           1   3.7881864980449612E-002
          21           2           2           3  -1.7715327153360105E-002
          22           1           2           4   9.3043483211048507E-004
          23           2           3           2  -3.5836396038071004E-002
          24           2           4           1  -6.4614939533417343E-004
          25           1           4           2  -2.0266438642494129E-002
          26           2           1           4   1.6504483204119120E-003
          27           3           1           3  -7.1483168437828735E-003
          28           1           5           1   3.7228590665955449E-004
          29           3           2           2  -4.4133530092717844E-002
          30           3           3           1  -6.2696980980135097E-002
          31           1           3           3   1.6164900733876015E-003
          32           4           1           2  -3.3858709448672690E-002
          33           4           2           1  -4.6088713784104222E-002
          34           5           1           1  -3.0601508434411260E-002
          35           1           6           1  -8.8572973512047997E-003
          36           3           1           4  -8.8375082701379110E-004
          37           1           4           3  -1.4123883015242909E-003
          38           2           3           3  -5.0381588516733604E-003
          39           3           2           3  -7.8418608755562863E-003
          40           1           3           4   1.5491365923934189E-004
          41           3           3           2   2.7919164160863527E-002
          42           3           4           1   3.3662786221009079E-002
          43           2           4           2   1.3862761514736853E-002
          44           2           5           1  -5.5984867195642656E-003
          45           4           1           3  -2.8726649030621329E-003
          46           1           5           2  -3.0858838659141934E-003
          47           4           2           2   3.4673279034675826E-002
          48           4           3           1   3.1647722942490401E-002
          49           2           2           4  -2.1281183737860707E-003
          50           5           1           2   2.2236138821859087E-002
          51           5           2           1   1.4568467967855984E-002
          52           6           1           1   1.3339080219189092E-002
