NB_FIT 3

&NDFITW
 MINNORM=  0.0000000000000000     ,
 MAXNORM=  8.0000000000000000     ,
 MINCOUPLING=1          ,
 MAXCOUPLING=1          ,
 IND_VAL=1          ,
 NB_VAL=1          ,
 SVD=T,
 EPSI=  1.0000000000000006E-010,
 EPSI_INTER=  1.0000000000000003E-005,
 MAX_NB=10         ,
 NDIM=3          ,
 MR_ORDER=-1         ,
 COL_FOR_WEIGHTOFFIT=0          ,
 SCAL_FOR_WEIGHTOFFIT=  200.00000000000000     ,
 NB_B=23         ,
 NB_WB=22         ,
 NB_FIT=0          ,
 /
 Q0    1.6525859462018548        2.4849898658550198        0.0000000000000000     
 nDweight    1.0000000000000000        1.0000000000000000        2.0000000000000000     
 nDsize           11          11           6
 ntyp           15          15          16
           1           0           0           1  0.26731546618142460     
           2           0           1           0   7.2699595915811911E-005
           4           0           2           0  0.27212665640194411     
           5           2           0           0   8.2917186376243013E-002
           6           0           0           2  0.17088223583996362     
           7           0           3           0 -0.26549423579045234     
           8           3           0           0  -1.0466339185184526E-002
           9           0           4           0  0.16929963915962876     
          10           4           0           0  -6.0479069225641982E-003
          11           0           0           3   4.4263064223764491E-002
          12           0           5           0  -8.8055196107740374E-002
          13           5           0           0   2.4028455729434993E-003
          14           0           6           0   4.5953614766091569E-002
          15           6           0           0  -9.0473049104182884E-003
          16           0           0           4   1.0377006151081371E-002
          17           0           7           0  -2.7698070881904933E-002
          18           7           0           0   4.2986622970186630E-004
          19           0           8           0   1.3477625352316343E-002
          20           8           0           0   7.9032837984241294E-003
          21           0           0           5   2.4030227926701937E-003
          22           0           9           0  -3.0598722758639172E-003
          23           9           0           0  -4.6573585026558461E-003
&NDFITW
 MINNORM=  0.0000000000000000     ,
 MAXNORM=  6.0000000000000000     ,
 MINCOUPLING=2          ,
 MAXCOUPLING=2          ,
 IND_VAL=1          ,
 NB_VAL=1          ,
 SVD=T,
 EPSI=  1.0000000000000006E-010,
 EPSI_INTER=  1.0000000000000003E-005,
 MAX_NB=10         ,
 NDIM=3          ,
 MR_ORDER=-1         ,
 COL_FOR_WEIGHTOFFIT=0          ,
 SCAL_FOR_WEIGHTOFFIT=  200.00000000000000     ,
 NB_B=60         ,
 NB_WB=60         ,
 NB_FIT=0          ,
 /
 Q0    1.6525859462018548        2.4849898658550198        0.0000000000000000     
 nDweight    1.0000000000000000        1.0000000000000000        2.0000000000000000     
 nDsize           11          11           6
 ntyp           15          15          16
           1           0           1           1 -0.79629207867239893     
           2           1           0           1   6.7688397219433909E-003
           3           1           1           0   8.8735359040142698E-003
           4           0           2           1   1.0135753416301767     
           5           1           2           0  -1.2945225389936902E-002
           6           2           0           1  -2.9184900299889890E-002
           7           2           1           0  -4.7430171822987179E-002
           8           0           1           2 -0.45923910214852803     
           9           1           3           0   4.0919499191057239E-003
          10           1           0           2  -5.0948643103737867E-003
          11           0           3           1 -0.90466682591738057     
          12           2           2           0   4.9797974220188749E-003
          13           3           0           1   6.2520583545394581E-003
          14           3           1           0   1.2354906690273736E-002
          15           0           2           2  0.77868382516865209     
          16           1           4           0   6.2084928080894991E-004
          17           2           3           0   3.7361896662026291E-003
          18           0           4           1  0.74268860677230975     
          19           2           0           2   5.0784823060812303E-003
          20           3           2           0  -3.9066549781600207E-003
          21           4           0           1   1.0883019582219849E-002
          22           4           1           0   9.7255537526333043E-003
          23           2           4           0   1.7750088573407399E-003
          24           0           5           1 -0.43685983731332140     
          25           3           0           2   2.2635210610024025E-003
          26           0           3           2 -0.70825129675773213     
          27           0           1           3 -0.11189839573662565     
          28           3           3           0  -2.0633284369913438E-003
          29           1           0           3   1.8186977373383518E-003
          30           1           5           0  -2.1195423791821317E-003
          31           4           2           0  -1.7871942611757262E-003
          32           5           0           1  -9.7021099689364471E-003
          33           5           1           0   4.3879669491950534E-003
          34           0           4           2  -3.8708344944538974E-002
          35           3           4           0   5.6504351309802376E-003
          36           2           5           0   3.2178045383056538E-003
          37           4           0           2  -1.0029691328867132E-002
          38           2           0           3   2.4865198903432466E-002
          39           0           2           3 -0.20343703179143335     
          40           4           3           0   4.4545947105075709E-004
          41           1           6           0   4.6556496216781026E-003
          42           0           6           1   4.4494646295418910E-002
          43           5           2           0  -2.1141063140414024E-003
          44           6           0           1  -5.1811585304206258E-003
          45           6           1           0  -1.3944823099461408E-002
          46           0           3           3  -6.1357114819194557E-002
          47           1           0           4   6.7638557663520090E-004
          48           3           0           3   6.9454520842298067E-004
          49           0           7           1  -2.8267179414545082E-002
          50           4           4           0  -1.4098468987127856E-002
          51           1           7           0  -3.8875033781806574E-003
          52           5           0           2  -3.6068277818763431E-005
          53           0           1           4  -5.1794100460079887E-002
          54           0           5           2 -0.10876428904570352     
          55           5           3           0   3.0163225773157949E-004
          56           3           5           0   2.9825878985492928E-003
          57           2           6           0  -5.0836558615323787E-003
          58           6           2           0   2.3259456094538184E-003
          59           7           0           1   1.0000689061755011E-002
          60           7           1           0   9.9595005619396142E-003
&NDFITW
 MINNORM=  0.0000000000000000     ,
 MAXNORM=  4.0000000000000000     ,
 MINCOUPLING=3          ,
 MAXCOUPLING=3          ,
 IND_VAL=1          ,
 NB_VAL=1          ,
 SVD=T,
 EPSI=  1.0000000000000006E-010,
 EPSI_INTER=  1.0000000000000003E-005,
 MAX_NB=10         ,
 NDIM=3          ,
 MR_ORDER=-1         ,
 COL_FOR_WEIGHTOFFIT=0          ,
 SCAL_FOR_WEIGHTOFFIT=  200.00000000000000     ,
 NB_B=22         ,
 NB_WB=22         ,
 NB_FIT=0          ,
 /
 Q0    1.6525859462018548        2.4849898658550198        0.0000000000000000     
 nDweight    1.0000000000000000        1.0000000000000000        2.0000000000000000     
 nDsize           11          11           6
 ntyp           15          15          16
           1           1           1           1  -1.1477199280495622E-002
           2           1           2           1   1.1460375715917188E-002
           3           2           1           1   2.5225927825230230E-002
           4           1           3           1  -2.7408671951569930E-002
           5           1           1           2  -1.9733728030121061E-002
           6           2           2           1  -2.0314355792131845E-002
           7           3           1           1  -3.1694746971596625E-002
           8           2           1           2  -3.0942726574917950E-002
           9           1           4           1  -3.9367162873746924E-003
          10           2           3           1  -2.7354712521555601E-003
          11           1           2           2  -2.0968067329062676E-002
          12           3           2           1   5.4213809511453100E-003
          13           4           1           1   5.3153056444899642E-003
          14           1           3           2  0.28682172345630269     
          15           2           4           1   5.7774086697340001E-002
          16           1           1           3  0.14320605296883709     
          17           3           1           2  0.17205716678531413     
          18           1           5           1   7.1606704416857583E-002
          19           3           3           1  0.10360020211336526     
          20           2           2           2  0.18202766600075571     
          21           4           2           1   2.1965649437467458E-002
          22           5           1           1   1.2919555838574829E-002
