           1
          20           1
  -2.8474140700000001E-002
  -3.7563310000000003E-004
   1.7750024900000001E-002
   3.3803488000000003E-003
  -3.2023489000000001E-003
  -3.2217252000000000E-003
  -1.0996597000000000E-003
   4.0498550000000002E-004
   5.9185550000000003E-004
   1.8179940000000001E-004
  -9.4246400000000006E-005
  -7.2524199999999999E-005
   3.7185200000000004E-005
   7.0137599999999997E-005
   3.6010500000000004E-005
   1.8736000000000002E-006
  -1.6127600000000001E-005
  -1.3335000000000000E-005
   7.2672000000000005E-006
   1.0146800000000001E-005
1.1216933931000002 3.4876069798475164E-002
