           1
          20           1
  -2.4764657000000000E-003
  -1.4862800000000001E-004
   1.5565183000000001E-003
   1.4311540000000000E-004
  -5.0392649999999998E-004
  -2.3370140000000001E-004
   6.8734100000000003E-005
   1.7523549999999999E-004
   8.4752600000000006E-005
  -1.3879400000000001E-005
  -3.9484100000000004E-005
  -6.8616000000000005E-006
   1.4358100000000001E-005
   9.1866999999999996E-006
  -2.6950000000000002E-007
   2.5120000000000003E-007
  -2.0891000000000000E-006
  -3.3044000000000001E-006
   4.6414000000000001E-006
   5.5859000000000002E-006
-7.1071500000000002E-006 -7.0250878480314959E-006
