           1
          20           1
   2.8320226900000002E-002
   3.7918420000000001E-003
  -1.4357558500000001E-002
  -4.3705720000000005E-003
   4.1562599999999999E-004
   1.4359424000000001E-003
   8.8646740000000008E-004
   2.4859760000000002E-004
   3.0442900000000000E-005
   8.6373200000000008E-005
   1.0677750000000001E-004
  -3.8089000000000001E-006
  -5.1469700000000000E-005
   1.5930299999999999E-005
  -4.6065700000000002E-005
  -1.7125360000000000E-004
  -4.1445100000000001E-005
   9.5825399999999999E-005
  -7.8168300000000008E-005
  -1.1884080000000001E-004
3.5103101649999996E-002 -3.4944948602376930E-002
