           1
          20           1
  -1.6350684700000000E-002
  -2.1892175000000000E-003
   8.2893400000000009E-003
   2.5233500000000002E-003
  -2.3996210000000001E-004
  -8.2904140000000001E-004
  -5.1180210000000004E-004
  -1.4352810000000001E-004
  -1.7576300000000000E-005
  -4.9867600000000003E-005
  -6.1647899999999996E-005
   2.1993000000000003E-006
   2.9716000000000001E-005
  -9.1975999999999998E-006
   2.6596200000000001E-005
   9.8873800000000002E-005
   2.3928399999999999E-005
  -5.5325000000000003E-005
   4.5130200000000004E-005
   6.8612600000000001E-005
-2.0266788950000000E-002 2.0175471996857448E-002
