           1
          20           1
  -1.5796300000000001E-004
  -9.5113450000000003E-004
  -7.0451949999999998E-004
   2.3630740000000000E-004
   5.7502970000000004E-004
   6.1914490000000006E-004
   3.0203390000000004E-004
  -1.7182260000000001E-004
  -3.3335020000000001E-004
  -1.6407990000000001E-004
   5.1563000000000001E-005
   9.8828200000000010E-005
   3.7004600000000001E-005
  -9.7235999999999995E-006
  -2.3970900000000001E-005
  -1.9229600000000000E-005
   1.4078200000000000E-005
   2.8356900000000000E-005
  -1.2061100000000000E-005
  -2.1016900000000002E-005
1.6309505000000000E-004 -1.6667248315101283E-004
