           1
          20           1
  -9.7280294000000010E-003
   6.6310980000000000E-004
   6.3953001000000001E-003
   6.2058350000000003E-004
  -1.4388547000000001E-003
  -1.1348269000000001E-003
  -2.8728869999999999E-004
   1.9879650000000001E-004
   2.0550830000000002E-004
   4.1802300000000005E-005
  -4.5431600000000001E-005
  -2.3925400000000000E-005
   1.8314000000000001E-005
   2.5868500000000001E-005
   1.1290700000000000E-005
   1.1000000000000001E-008
  -6.4892000000000005E-006
  -5.8147000000000004E-006
   3.6060000000000003E-006
   4.9085000000000005E-006
0.37588647590000002 1.3943637822878227E-002
