           1
          20           1
   8.5006740000000006E-004
   5.0293700000000007E-004
  -3.3239930000000003E-004
  -4.1304079999999999E-004
  -6.2356700000000006E-005
   7.6736299999999999E-005
   3.4650600000000003E-005
  -8.5979999999999997E-006
  -1.3042600000000001E-005
  -2.6899999999999999E-008
   4.6234000000000005E-006
   2.5031000000000002E-006
   1.9280000000000001E-007
   1.3605000000000001E-006
   8.9299999999999999E-008
  -2.4994000000000002E-006
  -5.8210000000000000E-007
   1.7619000000000000E-006
  -1.3470000000000000E-006
  -2.1063000000000001E-006
2.4292999999999998E-006 2.3995178659940592E-006
