           1
          20           1
  -1.4945493000000001E-003
  -3.1105493000000003E-003
  -6.5661500000000004E-004
   2.2136570000000000E-003
   1.5540514000000000E-003
   2.0161320000000000E-004
  -4.0785830000000003E-004
  -3.3842730000000003E-004
  -9.0219300000000005E-005
   2.7700000000000002E-005
   1.8568400000000000E-005
  -1.3060300000000001E-005
  -1.7891199999999999E-005
  -2.7378000000000003E-006
   1.6437600000000000E-005
   2.3273600000000000E-005
   9.0119000000000009E-006
  -4.4892000000000001E-006
   1.2215000000000001E-006
   4.3653000000000004E-006
4.2539910500000002E-003 -4.2687590351243978E-003
