           1
          20           1
  -1.6350685199999999E-002
  -2.1892177000000001E-003
   8.2893402000000001E-003
   2.5233505999999999E-003
  -2.3996180000000002E-004
  -8.2904170000000000E-004
  -5.1180250000000007E-004
  -1.4352800000000000E-004
  -1.7576099999999999E-005
  -4.9867500000000003E-005
  -6.1648000000000003E-005
   2.1992000000000001E-006
   2.9716000000000001E-005
  -9.1974999999999996E-006
   2.6596300000000001E-005
   9.8873700000000008E-005
   2.3928100000000002E-005
  -5.5325100000000003E-005
   4.5130400000000004E-005
   6.8612700000000008E-005
-2.0266788799999998E-002 2.0175471846843825E-002
