           1
          20           1
  -9.7280429000000009E-003
   6.6310170000000006E-004
   6.3952996000000003E-003
   6.2058310000000000E-004
  -1.4388550000000000E-003
  -1.1348269000000001E-003
  -2.8728880000000002E-004
   1.9879650000000001E-004
   2.0550820000000001E-004
   4.1801500000000003E-005
  -4.5431700000000001E-005
  -2.3923699999999999E-005
   1.8314300000000002E-005
   2.5865300000000001E-005
   1.1290000000000000E-005
   1.5100000000000000E-008
  -6.4888000000000005E-006
  -5.8189000000000003E-006
   3.6076000000000000E-006
   4.9120000000000006E-006
0.37588648550000003 1.3943647423749962E-002
