           1
          20           1
  -2.7617970000000001E-004
  -1.9570810000000001E-004
   1.2076130000000000E-004
   1.8471230000000001E-004
   1.1918100000000000E-005
  -5.9380999999999999E-005
  -2.1523300000000001E-005
   9.0036999999999999E-006
   1.2129400000000001E-005
   3.2216000000000002E-006
  -1.7010000000000001E-006
  -1.8963000000000002E-006
  -3.8780000000000002E-007
  -4.6520000000000001E-007
   4.0210000000000003E-007
   1.5675000000000000E-006
   1.0030000000000000E-007
  -1.2759000000000001E-006
   5.9330000000000000E-007
   1.1769000000000001E-006
-1.8068499999999999E-006 -1.8258157762897738E-006
