           1
          20           1
  -1.4946588000000001E-003
  -3.1106127000000003E-003
  -6.5661510000000008E-004
   2.2136577000000002E-003
   1.5540522000000001E-003
   2.0161340000000001E-004
  -4.0785860000000003E-004
  -3.3842770000000000E-004
  -9.0219700000000006E-005
   2.7698800000000000E-005
   1.8569000000000001E-005
  -1.3056000000000000E-005
  -1.7891000000000002E-005
  -2.7461000000000003E-006
   1.6435200000000001E-005
   2.3283400000000001E-005
   9.0129999999999999E-006
  -4.4988000000000000E-006
   1.2252000000000001E-006
   4.3734000000000003E-006
4.2540684500000005E-003 -4.2686819281234113E-003
