           1
          20           1
   4.6716361900000003E-002
  -6.5620785000000004E-003
  -3.1398859100000003E-002
   6.2109000000000001E-006
   8.3460445999999997E-003
   5.0318087000000003E-003
   2.8208589999999999E-004
  -1.5867967000000001E-003
  -1.0300694999999999E-003
   3.5732800000000005E-005
   4.5350460000000002E-004
   2.4955010000000000E-004
  -3.5332000000000000E-005
  -8.9003400000000002E-005
  -3.9701099999999998E-005
  -1.3790600000000000E-005
   4.4682300000000004E-005
   6.2471200000000006E-005
  -3.8675099999999998E-005
  -5.6014900000000005E-005
8.3351534499999991E-002 -8.3336617709657779E-002
