           1
          20           1
   1.6344625099999999E-002
   2.3167973999999999E-003
  -8.4147838000000006E-003
  -5.4159591000000002E-003
  -2.6826854999999999E-003
   2.4469865000000001E-003
   4.2765735000000003E-003
   1.8573841000000002E-003
  -9.5665550000000000E-004
  -1.5518602000000000E-003
  -5.2959019999999999E-004
   3.6778550000000004E-004
   4.7419900000000002E-004
   1.7656680000000002E-004
  -1.3734890000000001E-004
  -2.2988880000000001E-004
  -1.5031000000000001E-006
   1.6171050000000000E-004
  -2.1152200000000001E-005
  -9.2051000000000003E-005
2.5555751400000000E-002 -2.5581019547533390E-002
