  1
          20           1
  0.51492162730000002     
  -4.6481306399999998E-002
 -0.17650930640000001     
   3.4336284400000000E-002
  -2.7030334800000000E-002
  -6.5264863000000003E-003
  -5.0960309000000004E-003
   3.2030105000000002E-003
  -9.2589310000000004E-004
  -2.5311190000000002E-004
  -1.4346731000000001E-003
  -2.7930399999999999E-005
  -5.9213130000000007E-004
  -1.9677000000000002E-006
  -3.0625760000000003E-004
  -5.6849799999999999E-005
  -1.8973640000000000E-004
   1.6511690000000002E-004
  -5.4128710000000003E-004
  -4.3737399999999999E-005
           2.0556478958989999d0 1.4015771893559998d0
