           1
          20           1
   3.9971390000000002E-003
  -4.6269300000000002E-004
  -2.6672286000000000E-003
  -9.9603700000000010E-005
   6.3804759999999997E-004
   4.2212460000000000E-004
   7.5967400000000000E-005
  -8.1716800000000003E-005
  -6.7276300000000005E-005
  -7.3521000000000003E-006
   1.9551900000000002E-005
   1.0279600000000001E-005
  -6.1981000000000000E-006
  -1.1028100000000000E-005
  -4.3793999999999999E-006
   2.7528999999999999E-006
   3.3105000000000003E-006
   6.1440000000000000E-007
   2.2310000000000001E-007
   4.0009999999999999E-007
-9.2417034750000002E-002 -6.5191665625353081E-003
