           1
          20           1
  -7.9942833999999997E-003
   9.2538060000000005E-004
   5.3344604000000002E-003
   1.9921280000000002E-004
  -1.2760968000000001E-003
  -8.4425290000000007E-004
  -1.5193739999999999E-004
   1.6343339999999999E-004
   1.3455420000000001E-004
   1.4706400000000000E-005
  -3.9102500000000000E-005
  -2.0559500000000002E-005
   1.2396700000000001E-005
   2.2056400000000001E-005
   8.7581000000000001E-006
  -5.5049999999999998E-006
  -6.6212000000000002E-006
  -1.2292000000000000E-006
  -4.4590000000000004E-007
  -8.0039999999999999E-007
0.18483406975000000 1.3038334275175053E-002
