        1
          20           1
   1.2314499900000001E-002
   5.8627911000000005E-003
  -6.3000961000000003E-003
  -5.6973767999999999E-003
  -6.5900300000000002E-004
   1.0692939000000001E-003
   9.8937549999999997E-004
   3.9089260000000004E-004
   3.3895800000000002E-005
  -6.5760999999999996E-005
  -3.5440100000000000E-005
   2.1956000000000002E-006
   2.0042400000000000E-005
   1.3759400000000001E-005
   8.9041000000000000E-006
   7.0508000000000003E-006
  -2.2602000000000000E-006
  -7.0546000000000002E-006
   1.0074300000000001E-005
   9.9027000000000009E-006
           -40.951948511202055d0 2.3624733004485284d-3
