           1
          20           1
  -5.9031030000000003E-004
  -4.4555800000000005E-005
   3.6271000000000003E-004
   1.0140510000000000E-004
  -6.3555599999999998E-005
  -7.9493200000000007E-005
  -3.2683900000000001E-005
   2.8856000000000000E-006
   1.2094900000000000E-005
   7.3055000000000006E-006
   2.5459000000000001E-006
   1.9652000000000003E-006
   1.4345000000000000E-006
  -6.9380000000000003E-007
   8.4800000000000008E-007
   3.8708000000000003E-006
   6.8400000000000004E-007
  -2.6405000000000000E-006
   1.5627000000000001E-006
   2.7235000000000003E-006
1.0510507250000000E-002 6.6975996134957462E-004
