           1
          20           1
  -8.5006740000000006E-004
  -5.0293660000000004E-004
   3.3239920000000000E-004
   4.1304040000000002E-004
   6.2356799999999999E-005
  -7.6736400000000006E-005
  -3.4650600000000003E-005
   8.5983000000000003E-006
   1.3042300000000000E-005
   2.6899999999999999E-008
  -4.6234999999999999E-006
  -2.5032000000000000E-006
  -1.9240000000000000E-007
  -1.3606999999999999E-006
  -8.9600000000000008E-008
   2.4999000000000000E-006
   5.8179999999999998E-007
  -1.7622000000000000E-006
   1.3473000000000000E-006
   2.1064000000000003E-006
-2.4292999999999998E-006 -2.3995178659940592E-006
