           1
          20           1
  -3.3508475300000000E-002
  -1.0420957500000000E-002
   1.3893565600000001E-002
   6.6439130000000004E-003
   2.4698703000000000E-003
   2.8278253000000001E-003
   3.0245279999999999E-004
  -2.2616925000000002E-003
  -1.8497700000000001E-003
   1.8263900000000000E-005
   7.5939479999999999E-004
   2.6493030000000002E-004
  -3.0294110000000002E-004
  -2.7654669999999999E-004
  -4.4872100000000000E-005
   1.8879200000000000E-005
   5.0579199999999998E-005
   5.1702000000000001E-005
  -6.6530100000000009E-005
  -7.1692099999999998E-005
0.37421298359999999 1.2158906376870525E-002
