           1
          22           1
   2.8997091316000003     
  -8.7757426000000006E-003
  -4.2237146999999997E-003
  -2.7225900000000000E-005
   1.0854813000000000E-003
   7.1394730000000003E-004
   1.8318110000000001E-004
  -1.0686170000000000E-004
  -1.4117180000000000E-004
  -8.3421200000000000E-005
  -3.8247500000000003E-005
  -9.0636000000000008E-006
   6.7477000000000006E-006
   5.1853000000000001E-006
   3.2583000000000002E-006
   2.2179000000000000E-006
   1.8347000000000000E-006
   6.4214000000000000E-006
   2.0480000000000001E-006
  -6.9702000000000006E-006
  -5.0153000000000001E-006
  -1.3630000000000000E-007
