           1
          22           1
  -57.902487054800005     
   7.7913857000000003E-003
  -6.2996893000000003E-003
  -5.6967158000000000E-003
  -6.5875540000000005E-004
   1.0693711000000000E-003
   9.8880110000000012E-004
   3.8822830000000000E-004
   3.3128600000000000E-005
  -5.8672700000000005E-005
  -3.1786000000000004E-005
  -1.1363000000000001E-005
   1.4061900000000000E-005
   3.6007200000000003E-005
   1.4371300000000001E-005
  -2.2749700000000000E-005
  -3.2235999999999999E-006
   2.2542800000000000E-005
   9.5450000000000014E-007
  -1.0872700000000000E-005
   8.1820000000000006E-006
   7.6213000000000002E-006
